107 95
113 26
167 146
63 25
100 92
111 101
195 100
52 51
93 52
198 105
85 48
200 35
145 99
156 108
117 37
109 33
114 111
180 93
59 32
172 52
177 167
130 92
173 53
112 43
131 56
115 48
175 99
122 7
72 6
22 5
108 45
187 109
200 48
65 3
184 40
109 46
26 11
130 105
110 10
129 109
94 2
60 9
200 169
11 4
178 1
10 8
152 128
193 129
125 111
191 56
56 11
97 12
22 18
168 72
129 1
74 65
181 11
132 6
170 118
101 18
48 12
188 172
40 8
180 168
174 8
92 55
191 177
166 4
111 68
177 13
94 15
60 22
33 5
187 63
93 19
167 5
104 65
170 10
156 75
155 116
180 60
166 125
78 12
89 21
96 66
113 6
173 20
90 22
63 5
131 23
183 70
134 65
188 185
48 25
175 66
191 190
166 17
133 69
127 25
33 18
74 19
187 76
173 141
85 28
192 11
197 89
84 69
43 31
109 13
150 14
35 27
87 74
78 25
177 147
17 15
196 17
96 79
148 89
99 84
132 81
192 132
104 19
169 148
175 79
62 22
153 140
73 31
180 14
152 95
193 96
191 23
110 98
102 94
66 28
192 24
51 48
184 20
84 82
189 98
95 91
153 32
180 135
100 26
199 148
191 144
176 21
121 85
113 81
132 94
112 36
104 32
150 148
172 166
180 27
125 91
193 109
185 105
177 101
130 26
135 104
96 33
99 38
76 54
136 105
183 37
147 114
77 55
196 92
61 47
80 60
162 99
113 94
187 43
173 108
131 111
174 109
53 48
108 100
55 8
127 113
200 103
197 177
109 101
194 59
141 53
172 120
154 108
112 111
186 60
32 2
175 167
169 7
106 67
139 64
111 2
77 9
80 14
112 3
197 190
189 186
101 73
142 111
122 16
73 11
125 58
191 3
23 10
94 70
176 109
195 122
187 118
186 73
24 11
57 8
136 72
109 55
68 17
128 68
188 119
194 13
100 6
199 128
86 71
58 9
77 22
196 59
176 1
181 79
187 10
165 71
71 64
30 26
156 22
197 23
101 86
142 124
84 3
54 11
95 12
122 29
175 121
174 76
106 21
166 72
53 15
72 28
177 81
64 24
130 6
75 70
171 7
196 180
108 67
88 9
198 140
46 12
192 66
49 17
68 30
169 82
194 26
86 84
125 12
91 19
94 24
181 92
200 191
165 84
192 187
131 91
123 87
84 16
175 134
188 73
139 31
64 37
171 20
190 33
108 80
127 93
132 28
186 148
192 79
79 22
98 35
101 40
161 91
100 81
125 25
166 26
182 150
102 41
187 85
167 27
198 94
109 22
180 82
199 95
191 91
177 156
97 47
196 26
96 88
129 36
160 103
167 148
99 93
178 157
189 166
183 92
134 87
100 94
111 103
152 104
105 29
176 89
181 167
85 50
114 113
161 45
78 47
190 108
196 39
148 111
173 55
146 38
30 6
151 116
170 166
197 3
152 117
105 42
22 7
127 60
181 180
66 50
200 50
145 114
184 42
98 2
18 9
172 67
70 56
177 2
60 11
200 171
187 52
186 7
44 3
178 3
164 68
156 64
81 70
180 49
125 113
86 5
89 10
22 20
195 177
107 64
181 13
126 77
167 115
173 9
170 120
90 11
101 20
183 59
128 123
134 54
40 10
180 170
174 10
119 74
199 183
166 6
111 70
187 65
137 64
156 77
109 2
180 62
67 5
185 140
59 1
70 10
89 23
187 186
107 77
198 195
173 22
131 25
115 17
21 10
188 7
92 70
152 84
168 28
146 126
66 17
32 24
192 13
51 37
197 91
103 84
95 80
106 89
78 27
111 24
121 74
195 23
112 25
104 21
101 95
175 81
153 142
188 20
180 16
185 94
105 22
110 100
157 32
102 96
162 147
160 37
107 31
170 87
189 100
153 34
139 99
180 137
92 24
191 146
171 88
157 153
50 27
129 91
176 23
160 158
113 83
187 32
179 28
104 34
72 50
177 103
190 42
88 31
99 40
183 39
188 154
147 116
50 40
113 96
173 110
131 113
51 4
156 57
175 156
194 169
106 56
64 59
105 97
176 157
187 166
99 53
132 50
151 63
98 57
197 179
109 103
183 52
164 2
169 117
141 55
152 64
31 3
91 54
110 67
83 50
102 63
160 4
32 4
178 58
194 2
193 186
191 113
97 69
171 55
77 11
182 64
149 116
61 3
160 125
148 71
27 10
181 68
132 63
186 183
98 70
197 192
189 188
150 117
142 113
134 109
122 18
73 13
174 65
106 10
125 60
127 69
16 9
57 10
76 23
49 6
68 19
175 2
26 22
58 11
70 65
110 21
61 16
113 63
187 12
79 70
165 73
71 66
30 28
131 80
156 24
197 25
122 31
87 10
53 17
72 30
177 83
64 26
105 64
130 8
171 9
56 22
135 86
108 69
88 11
148 25
99 20
200 72
132 17
151 30
184 64
98 24
125 14
91 21
190 143
182 139
94 26
178 25
197 38
95 27
136 28
87 23
128 24
45 26
64 39
171 22
108 82
182 31
121 21
181 35
200 85
178 146
184 77
134 76
100 83
125 27
111 92
190 156
75 26
176 78
195 91
146 86
187 87
112 93
198 96
104 89
156 99
109 24
147 50
139 46
37 35
78 36
196 28
55 52
168 109
99 95
155 32
111 105
152 106
158 37
177 50
110 109
176 91
187 100
198 109
85 52
184 31
76 3
155 153
161 47
174 166
153 43
190 110
173 57
131 60
104 43
115 52
73 55
193 120
72 10
105 44
64 6
22 9
168 63
74 56
126 66
184 44
170 109
136 116
142 47
101 9
169 64
48 3
147 125
18 11
172 69
139 121
94 6
135 7
80 71
146 53
200 173
113 105
192 169
104 56
128 4
180 51
166 116
86 7
185 129
191 60
78 3
177 125
97 16
89 12
135 128
129 5
168 76
121 1
107 66
181 15
167 117
132 10
198 184
173 11
165 7
98 17
29 3
128 125
188 176
175 57
40 12
180 172
100 63
174 12
177 17
75 6
176 58
187 67
74 10
173 132
85 19
192 2
43 22
183 182
128 17
194 191
120 13
166 129
130 63
89 25
36 19
162 15
107 79
99 75
173 24
63 9
115 19
73 22
105 11
124 24
110 89
196 129
157 21
154 132
160 26
167 71
32 26
24 22
184 11
197 93
84 73
103 86
43 35
106 91
100 17
129 80
132 85
104 23
122 40
153 144
54 22
133 86
180 18
185 96
177 92
138 21
157 34
102 98
96 24
187 142
170 89
142 27
153 36
92 26
111 39
50 29
196 83
176 25
187 34
103 40
122 53
95 36
155 87
185 109
64 48
135 108
182 40
88 33
187 155
107 46
200 94
76 58
136 109
109 92
183 41
139 114
196 96
102 52
154 99
93 3
112 102
175 158
147 59
53 52
105 99
108 104
80 5
200 107
186 172
98 59
90 55
101 64
81 6
73 2
31 5
110 69
83 52
195 113
146 108
198 118
131 128
32 6
76 12
136 63
188 110
194 4
193 188
86 62
119 10
171 57
149 118
132 65
186 185
197 194
62 6
161 128
134 111
122 20
54 2
20 9
174 67
39 22
158 59
116 62
182 7
99 9
85 74
145 125
170 69
76 25
136 76
109 59
68 21
169 73
175 4
141 11
92 6
78 71
125 3
70 67
97 84
91 10
42 5
61 18
176 5
113 65
181 83
179 10
71 68
197 27
103 20
115 74
175 125
87 12
64 28
105 66
171 11
135 88
88 13
168 85
132 19
169 86
175 17
172 91
199 194
174 21
125 16
144 29
177 26
196 76
83 19
182 141
102 32
94 28
146 75
200 195
165 88
192 191
178 27
197 40
183 142
164 92
175 138
87 25
34 19
147 39
180 73
199 86
171 24
108 84
121 23
107 88
132 32
79 26
197 161
161 95
194 92
100 85
60 48
187 89
104 91
103 95
109 26
180 86
78 38
89 47
190 99
160 107
167 152
134 91
175 92
100 98
152 108
199 40
105 33
108 38
187 102
173 167
109 39
150 40
169 53
166 164
153 45
89 60
190 112
110 3
182 108
129 102
148 115
154 46
140 111
151 120
10 1
183 109
62 48
188 44
193 122
144 117
185 118
196 164
97 5
22 11
181 4
167 106
126 68
170 111
101 11
147 127
100 52
174 1
91 3
177 6
148 128
195 60
60 15
187 56
52 11
93 12
179 52
184 167
104 58
164 72
170 3
81 74
73 70
180 53
166 118
86 9
70 1
89 14
162 4
107 68
187 177
167 119
99 64
198 186
79 6
165 9
131 16
82 11
128 127
175 59
40 14
180 174
100 65
174 14
199 187
92 61
191 183
166 10
177 19
110 78
196 118
108 5
74 12
93 25
85 21
192 4
137 68
156 81
117 10
103 75
35 20
109 6
194 193
86 22
89 27
130 65
9 4
107 81
99 77
173 26
63 11
184 121
104 12
62 15
73 24
188 11
180 7
152 88
125 71
31 27
110 91
83 74
102 87
74 25
173 147
178 82
197 95
84 75
103 88
35 33
106 93
100 19
58 22
176 14
113 74
187 23
112 29
198 32
104 25
62 28
54 24
153 146
188 24
174 89
180 20
177 94
102 100
135 97
96 26
88 22
187 144
107 35
126 48
99 31
198 153
118 44
170 91
189 104
183 30
175 26
147 107
199 154
191 150
144 38
77 48
50 31
196 85
129 95
168 166
42 27
176 27
80 53
187 36
132 100
164 52
177 107
105 88
96 39
108 93
127 106
55 1
182 42
192 92
76 60
183 43
161 104
94 50
112 104
186 53
104 100
197 62
87 47
188 99
172 5
105 101
191 104
157 111
108 106
160 116
80 7
113 41
200 109
132 54
98 61
197 183
101 66
161 117
122 9
153 113
73 4
31 7
171 167
102 67
135 64
154 114
195 115
187 111
167 53
186 66
198 120
178 62
65 5
76 14
136 65
68 10
128 61
180 108
193 190
191 117
78 60
77 15
130 107
149 120
69 11
196 52
61 7
160 129
80 20
195 7
181 72
187 3
132 67
19 10
11 6
98 74
30 19
90 70
197 16
101 79
103 9
134 113
122 22
95 5
114 18
20 11
31 20
72 21
152 130
196 173
176 115
96 6
88 2
74 67
99 11
200 63
76 27
49 10
183 10
169 75
125 5
70 69
97 86
50 11
94 17
181 85
146 64
84 9
170 12
197 29
199 75
196 186
163 9
108 73
182 22
127 86
168 87
46 18
132 21
200 76
126 90
184 68
98 28
49 23
189 146
169 88
188 187
100 74
174 23
125 18
111 83
185 32
91 25
190 147
182 143
94 30
146 77
187 78
164 94
109 15
180 75
193 157
191 84
97 40
130 74
160 96
121 25
107 90
99 86
118 99
184 81
197 163
150 88
100 87
111 96
158 28
176 82
195 95
198 100
156 103
109 28
180 88
106 102
166 153
130 87
190 101
196 32
182 97
167 154
173 48
112 38
155 36
172 168
199 42
196 153
108 40
127 53
181 173
85 56
184 35
197 117
142 38
78 53
77 57
129 104
200 164
187 45
132 109
131 64
10 3
197 9
115 56
141 114
188 46
53 1
185 120
89 3
22 13
14 9
55 10
168 67
181 6
126 70
167 108
132 1
178 117
117 107
101 13
48 7
40 3
180 163
139 125
174 3
119 67
199 176
92 50
177 8
77 70
127 7
113 109
85 10
170 5
103 64
174 124
106 69
180 55
86 11
78 7
97 20
130 54
89 16
135 132
195 183
47 19
187 179
107 70
181 19
99 66
198 188
159 117
200 118
123 14
48 20
175 61
180 176
191 185
166 12
152 77
199 9
190 189
110 80
102 76
135 24
176 62
108 7
168 21
25 9
85 23
32 17
84 64
43 26
103 77
109 8
169 22
106 82
67 11
119 21
17 10
9 6
163 64
88 70
129 71
99 79
195 16
146 11
200 131
132 76
165 24
112 18
98 83
104 14
101 88
73 26
188 13
180 9
199 22
110 93
102 89
108 20
146 132
118 33
178 84
84 77
95 86
136 87
180 130
100 21
92 17
97 95
50 20
129 84
176 16
113 76
187 25
132 89
181 94
98 96
184 136
103 31
122 44
153 148
174 91
180 22
193 104
185 100
157 38
130 21
135 99
127 95
160 43
107 37
99 33
46 27
109 83
175 28
147 109
110 47
113 89
187 38
181 107
173 103
95 40
87 36
72 56
56 48
108 95
127 108
140 47
132 43
65 53
192 94
98 50
197 172
109 96
183 45
68 58
161 106
153 102
172 115
110 60
75 39
162 107
94 52
168 1
146 99
104 102
51 10
183 166
35 2
119 1
105 103
171 48
157 113
77 4
80 9
126 125
151 69
79 50
192 107
178 172
122 11
73 6
174 58
125 53
31 9
177 63
157 5
187 113
107 4
179 109
198 122
118 13
145 116
178 64
156 125
76 16
109 50
68 12
188 114
194 8
67 53
193 192
58 4
77 17
130 109
89 71
149 122
110 14
61 9
80 22
173 70
179 1
11 8
156 17
197 18
123 69
103 11
122 24
174 71
106 16
12 9
53 10
152 132
72 23
177 76
64 19
130 1
171 2
196 175
176 117
127 75
187 126
74 69
200 65
192 61
156 138
197 139
117 67
49 12
68 25
150 64
169 77
175 8
125 7
89 84
91 14
110 27
83 10
196 67
94 19
146 66
52 22
186 22
95 20
136 21
180 64
199 77
45 19
64 32
191 73
196 188
108 75
168 89
148 31
121 14
113 10
126 92
184 70
90 26
82 22
169 90
101 35
134 69
100 76
174 25
125 20
75 19
41 26
60 39
187 80
33 22
112 86
117 21
147 43
180 77
185 155
37 28
130 76
113 23
99 88
63 22
100 89
111 98
152 99
105 24
195 97
187 93
200 32
164 109
197 106
109 30
122 112
106 104
172 49
130 89
190 103
107 105
173 50
131 53
104 36
81 52
172 170
72 3
157 47
22 2
85 58
101 2
100 43
199 165
77 59
140 115
113 98
186 2
104 49
10 5
115 58
156 59
62 52
54 48
166 109
199 57
191 53
14 11
181 8
132 3
173 4
98 10
170 115
90 6
189 128
131 7
76 71
109 105
101 15
48 9
188 169
40 5
180 165
174 5
199 178
166 1
177 10
196 109
162 116
127 9
113 111
187 60
74 3
173 125
164 76
117 1
103 66
169 11
78 9
70 5
89 18
176 172
96 63
195 185
162 8
107 72
181 21
99 68
198 190
173 17
131 20
104 3
115 12
169 132
40 18
81 19
180 178
73 15
188 2
199 11
191 7
157 14
94 74
160 19
66 12
32 19
186 77
178 73
197 86
16 11
84 66
103 79
150 11
169 24
87 71
67 13
59 9
100 10
9 8
77 26
182 79
195 18
187 14
112 20
104 16
150 132
115 25
101 90
62 19
122 33
54 15
73 28
180 11
191 20
110 95
102 91
130 10
75 74
195 139
107 26
84 79
189 95
136 89
87 84
153 29
100 23
199 145
157 148
77 39
50 22
140 95
113 78
187 27
132 91
179 23
54 28
153 150
155 80
180 24
166 89
72 45
96 30
127 97
88 26
187 148
148 40
99 35
76 51
183 34
144 42
102 45
113 91
181 109
145 43
95 42
147 52
72 58
182 46
109 98
169 112
161 108
141 50
111 107
195 106
146 101
112 108
178 53
170 49
35 4
188 103
180 99
199 112
191 108
97 64
171 50
69 2
168 124
80 11
167 165
173 59
98 65
197 187
189 183
150 112
122 13
155 47
114 9
106 5
185 69
72 12
177 65
83 58
135 68
127 64
107 6
167 57
93 71
170 62
156 127
117 56
49 1
109 52
172 71
69 15
110 16
61 11
181 76
179 3
11 10
82 70
123 71
197 20
183 122
122 26
95 9
12 11
166 69
72 25
199 66
64 21
56 17
171 4
196 177
108 64
88 6
187 128
74 71
93 84
46 9
132 12
184 59
197 141
98 19
49 14
68 27
169 79
175 10
125 9
91 16
83 12
94 21
41 15
200 188
167 11
192 184
186 24
131 88
104 71
197 33
136 23
34 12
188 70
180 66
199 79
185 144
171 17
196 190
97 31
108 77
121 16
132 25
192 76
98 32
197 154
184 72
90 28
161 88
40 27
174 27
92 74
177 32
167 24
159 20
109 19
180 79
67 22
191 88
78 31
130 78
196 23
100 91
144 97
105 26
110 104
108 31
187 95
165 156
197 108
109 32
153 38
158 153
177 166
130 91
171 92
190 105
182 101
148 108
173 52
112 42
131 55
183 102
169 167
188 37
152 114
105 39
22 4
168 58
85 60
184 39
189 117
169 59
136 111
147 120
139 116
199 167
58 48
77 61
113 100
132 113
104 51
10 7
174 115
125 110
97 11
168 71
187 170
181 10
179 166
99 57
173 6
159 108
117 111
109 107
48 11
180 167
174 7
141 59
166 3
177 12
77 74
196 111
176 53
127 11
173 127
179 58
164 78
183 177
103 68
95 64
67 2
78 11
89 20
195 187
28 10
187 183
107 74
99 70
198 192
173 19
112 9
175 65
73 17
188 4
133 68
125 64
191 9
91 71
110 84
108 11
74 18
160 21
167 66
32 21
186 79
197 88
84 68
170 71
103 81
95 77
106 86
59 11
100 12
176 7
195 20
187 16
132 80
151 93
179 12
112 22
79 74
104 18
115 27
101 92
153 139
73 30
114 31
180 13
193 95
166 78
191 22
91 84
102 93
130 12
160 34
146 136
88 15
170 84
136 91
180 134
58 28
176 20
187 29
132 93
179 25
84 22
197 42
103 35
153 152
95 31
166 91
177 100
130 25
171 26
190 39
96 32
108 86
127 99
182 35
107 41
192 85
151 47
76 53
68 49
183 36
109 87
144 44
94 43
165 103
112 97
95 44
72 60
105 94
64 56
191 97
56 52
127 112
129 42
160 109
121 38
200 102
192 98
98 54
197 176
90 50
142 97
134 93
122 2
174 49
111 109
94 56
146 103
167 46
112 110
186 59
164 120
76 7
68 3
128 54
193 183
199 114
191 110
97 66
181 65
132 60
173 61
165 57
30 12
122 15
166 58
23 9
64 10
107 8
148 9
200 56
145 120
65 11
156 129
76 20
68 16
15 10
169 68
161 64
86 70
92 1
152 15
97 79
130 113
50 4
91 5
61 13
94 10
181 78
173 74
146 57
200 177
71 63
30 25
186 13
104 60
178 9
95 11
87 7
53 14
64 23
171 6
196 179
176 121
108 66
74 73
179 126
46 11
132 14
178 130
169 81
101 26
141 19
174 16
125 11
163 123
110 31
75 10
94 23
167 13
186 26
184 182
123 86
197 35
170 18
164 87
189 31
53 27
199 81
196 192
138 71
107 83
132 27
173 28
194 87
100 80
166 25
111 89
83 27
195 88
181 153
187 84
33 26
52 39
25 22
156 96
109 21
180 81
67 24
107 96
146 24
175 87
141 94
199 35
110 106
196 146
176 88
162 153
181 166
189 106
109 34
190 107
77 50
182 103
80 55
112 44
197 2
188 39
193 117
125 99
199 48
22 6
108 46
74 53
186 114
136 113
101 6
180 156
199 169
193 9
177 1
135 4
181 120
52 6
85 3
104 53
10 9
54 52
194 175
166 113
86 4
89 9
107 63
181 12
126 76
99 59
200 111
165 4
131 11
82 6
134 53
188 173
147 135
48 13
194 67
180 169
141 61
92 56
152 70
190 182
196 113
102 69
127 13
154 116
66 3
85 16
32 10
156 76
103 70
109 1
35 15
70 9
171 61
163 57
187 185
165 17
132 69
131 24
184 116
104 7
21 9
62 10
101 81
153 128
73 19
180 2
110 86
196 126
168 27
146 125
13 10
32 23
84 70
150 15
134 7
180 123
92 10
191 132
111 23
97 88
171 74
50 13
129 77
61 22
176 9
195 22
113 69
187 18
181 87
151 95
179 14
98 89
104 20
101 94
103 24
134 128
122 37
153 141
188 19
174 84
180 15
166 80
191 24
130 14
127 88
187 139
99 26
118 39
178 90
175 21
188 140
180 136
92 23
133 24
191 145
144 33
157 152
168 161
42 22
110 40
80 48
173 96
179 27
165 92
131 99
197 44
103 37
189 40
166 93
130 27
108 88
96 34
187 152
148 44
192 87
184 83
76 55
197 165
68 51
183 38
169 103
60 52
52 48
112 99
104 95
197 57
183 159
188 94
147 56
180 90
191 99
168 115
129 44
186 169
98 56
197 178
153 108
155 38
174 51
83 49
94 58
168 7
178 57
170 53
76 9
109 43
68 5
174 172
78 55
152 4
77 10
69 6
61 2
121 53
27 9
181 67
11 1
71 52
189 187
197 11
101 74
183 113
134 108
175 109
194 122
114 13
141 116
174 64
166 60
152 125
72 16
23 11
177 69
116 59
22 15
127 68
107 10
179 115
99 6
85 71
57 9
184 50
197 132
68 18
175 1
97 81
171 116
110 20
83 3
196 60
94 12
146 59
200 179
165 72
112 66
131 79
104 62
178 11
197 24
170 7
95 13
87 9
180 57
72 29
152 138
45 12
105 63
37 8
191 66
56 21
108 68
127 81
168 82
121 7
85 84
126 85
132 16
200 71
192 67
79 10
49 18
169 83
188 182
100 69
199 191
119 82
125 13
166 14
111 78
191 187
193 31
91 20
163 125
143 30
75 12
94 25
176 64
60 32
187 73
25 11
167 15
178 24
164 89
109 10
147 36
188 74
180 70
199 83
86 26
191 79
78 22
97 35
130 69
89 31
162 21
107 85
113 16
99 81
186 149
189 154
101 41
175 76
111 91
152 92
158 23
185 40
75 25
187 86
165 147
117 27
109 23
95 88
106 97
59 22
130 82
190 96
96 89
107 98
146 26
200 146
112 33
169 158
175 89
125 88
144 101
105 30
108 35
127 48
168 49
160 45
126 52
197 112
150 37
161 46
153 42
191 154
190 109
77 52
129 99
146 39
151 117
104 42
156 52
122 59
188 41
193 119
144 114
22 8
168 62
96 43
187 161
181 1
126 65
186 116
159 99
65 55
98 3
142 46
128 111
48 2
194 56
139 120
199 171
191 167
185 7
58 52
177 3
50 48
129 112
61 57
80 70
127 2
113 104
187 53
179 49
93 9
103 59
122 72
169 4
106 64
180 50
166 115
86 6
185 128
72 71
172 9
158 111
89 11
182 59
162 1
181 14
198 183
173 10
200 113
170 121
131 13
183 60
128 124
81 12
180 171
176 57
108 2
168 16
160 12
93 22
179 62
66 5
85 18
32 12
106 77
100 3
9 1
77 19
195 11
146 6
187 7
200 126
112 13
90 74
115 18
101 83
81 25
54 8
180 4
125 68
191 13
110 88
83 71
102 84
130 3
96 10
195 132
146 127
167 70
32 25
186 83
178 79
84 72
35 30
76 31
147 91
194 23
100 16
92 12
138 128
171 76
50 15
176 11
195 24
181 89
187 20
179 16
98 91
156 32
101 96
103 26
54 21
153 143
114 35
180 17
185 95
72 38
130 16
96 23
88 19
187 141
118 41
200 80
46 22
170 88
109 78
169 92
175 23
180 138
92 25
191 147
125 22
176 24
102 38
146 81
112 88
84 26
95 35
72 51
116 94
190 43
129 33
200 93
192 89
197 167
153 97
111 100
110 55
196 95
75 34
195 99
52 50
112 101
104 97
175 157
180 92
105 98
64 60
191 101
168 117
167 158
178 167
98 58
197 180
82 50
101 63
142 101
122 6
153 110
166 49
72 5
177 58
83 51
75 47
94 60
195 112
198 117
76 11
68 7
26 10
193 187
185 183
191 114
97 70
149 117
190 118
110 9
27 11
11 3
71 54
186 4
131 68
103 6
189 9
175 111
106 11
72 18
199 59
56 10
196 170
108 57
22 17
74 64
200 60
132 5
186 125
192 56
57 11
68 20
101 17
175 3
67 61
86 74
78 70
125 2
70 66
130 117
91 9
163 114
41 8
165 74
167 4
197 26
84 6
115 73
189 22
175 124
95 15
136 16
87 11
180 59
199 72
171 10
196 183
148 26
132 18
192 69
79 12
98 25
161 81
134 64
48 24
40 20
172 90
119 84
125 15
166 16
191 189
91 22
177 25
163 127
182 140
94 27
41 21
127 24
187 75
179 71
44 26
104 77
170 22
109 12
180 72
86 28
185 150
78 24
177 146
196 16
88 74
113 18
99 83
176 79
108 24
187 88
192 23
137 87
184 19
84 81
103 94
109 25
114 103
106 99
130 84
171 85
96 91
182 94
107 100
154 32
99 96
175 91
172 165
152 107
180 26
105 32
157 42
154 153
173 166
160 47
85 53
200 40
184 32
197 114
136 104
169 52
153 44
172 57
199 160
190 111
182 107
129 101
148 114
80 59
113 93
132 106
104 44
115 53
188 43
125 103
199 52
177 113
168 64
55 7
195 167
187 163
181 3
131 2
117 104
109 100
68 62
128 113
48 4
139 122
199 173
110 64
196 104
195 59
127 4
113 106
187 55
93 11
179 51
85 7
164 71
175 166
87 53
106 66
78 4
89 13
176 167
195 180
107 67
179 172
99 63
173 12
159 114
128 126
175 58
40 13
73 10
152 74
191 2
154 120
74 11
146 116
85 20
200 7
167 59
32 14
24 10
197 81
170 64
35 19
150 6
95 70
161 15
106 79
188 118
172 24
100 5
9 3
80 26
195 13
113 60
187 9
132 73
179 5
164 25
101 85
54 10
73 23
180 6
31 26
23 22
102 86
130 5
135 83
167 72
99 17
32 27
186 85
170 77
134 11
180 127
100 18
196 71
168 152
61 26
176 13
195 26
187 22
132 86
179 18
198 31
156 34
101 98
54 23
153 145
174 88
72 40
130 18
171 19
190 32
108 79
148 35
118 43
183 29
169 94
175 25
125 24
144 37
190 153
102 40
173 100
197 48
103 41
175 146
188 85
72 53
199 94
37 32
108 92
127 105
160 102
57 46
184 87
197 169
150 94
161 103
134 86
153 99
100 93
111 102
94 49
195 101
146 96
112 103
159 35
104 99
128 47
147 60
180 94
191 103
89 55
130 93
168 119
80 6
113 40
173 54
98 60
30 5
63 39
101 65
134 99
122 8
166 51
31 6
72 7
171 166
177 60
64 3
135 63
127 59
187 110
118 10
145 113
136 64
109 47
68 9
67 50
78 59
152 8
58 1
130 106
110 11
94 3
181 71
19 9
60 10
200 170
11 5
30 18
63 52
197 15
115 62
95 4
152 129
72 20
45 3
64 16
56 12
135 76
22 19
88 1
168 73
74 66
132 7
186 127
98 14
90 10
101 19
175 5
174 9
125 4
70 68
111 69
193 22
171 120
91 11
177 14
163 116
83 7
75 3
94 16
200 183
132 128
52 19
112 70
170 11
117 5
87 13
128 14
120 10
180 61
199 74
56 25
171 12
97 26
89 22
108 72
129 15
195 189
181 25
132 20
198 194
63 6
189 145
48 26
193 35
166 18
111 82
185 31
177 27
176 68
187 77
170 24
103 83
109 14
106 88
78 26
96 80
160 95
107 89
113 20
29 26
100 86
166 31
102 95
108 26
176 81
127 39
186 94
84 83
103 96
109 27
150 28
114 105
106 101
153 33
78 39
119 40
130 86
196 31
162 38
195 35
99 98
140 99
146 30
151 108
131 50
104 33
183 97
188 32
152 109
180 28
105 34
184 34
197 116
189 112
147 115
153 46
77 56
69 52
61 48
148 116
80 61
113 95
184 155
10 2
156 56
188 45
177 115
97 6
89 2
96 47
55 9
187 165
181 5
131 4
117 106
109 102
48 6
147 128
120 111
194 60
110 66
176 48
179 53
85 9
32 3
103 63
35 8
95 59
194 181
155 110
114 72
161 4
78 6
89 15
36 9
55 22
187 178
195 2
197 191
150 116
29 6
115 9
175 60
73 12
125 59
191 4
190 188
110 79
83 62
102 75
94 71
160 16
85 22
32 16
192 5
178 70
197 83
84 63
35 21
128 69
92 3
191 125
17 9
58 10
9 5
77 23
168 141
176 2
80 28
27 22
187 11
132 75
151 88
179 7
198 20
98 82
71 65
104 13
115 22
82 74
122 30
73 25
166 73
177 82
130 7
75 71
94 84
195 136
160 29
146 131
187 132
88 10
167 74
99 19
65 26
57 22
68 31
109 69
175 14
180 129
100 20
130 128
42 15
181 93
187 24
179 20
197 37
175 135
95 26
106 35
166 86
105 76
130 20
196 194
190 34
108 81
195 149
192 80
175 27
141 34
152 43
125 26
144 39
110 46
182 151
173 102
146 85
131 105
104 88
188 87
147 49
53 42
180 83
72 55
199 96
157 99
108 94
160 104
200 97
98 49
153 101
125 39
166 40
111 104
177 49
176 90
195 103
104 101
164 115
109 36
147 62
199 109
86 52
78 48
77 3
149 108
196 40
132 55
173 56
165 52
98 62
170 167
90 58
164 7
131 59
197 4
101 67
183 106
194 115
174 57
166 53
72 9
177 62
64 5
105 43
116 52
135 65
195 116
107 3
65 6
117 53
68 11
169 63
194 7
18 10
59 48
89 70
171 109
110 13
196 53
182 118
94 5
148 125
181 73
19 11
200 172
11 7
186 8
131 72
104 55
178 4
197 17
103 10
175 115
136 7
81 71
87 2
106 15
53 9
72 22
199 63
125 114
64 18
191 59
56 14
22 21
127 74
168 75
129 4
74 68
200 64
132 9
79 3
98 16
49 11
90 12
169 76
101 21
199 184
174 11
125 6
166 7
191 180
91 13
177 16
83 9
182 131
102 22
129 125
94 18
195 70
187 66
167 8
112 72
178 17
123 81
136 20
109 3
188 67
180 63
199 76
196 7
168 88
195 191
121 13
107 78
113 9
181 27
99 74
173 23
132 22
126 91
165 19
134 68
21 11
100 75
174 24
92 71
166 20
105 10
187 79
74 22
109 16
95 81
185 154
59 15
97 41
196 20
47 40
162 27
107 91
151 97
112 26
92 84
191 26
160 38
200 31
137 91
184 23
103 98
114 107
106 103
153 35
171 89
190 102
80 50
200 152
187 33
112 39
198 42
123 48
73 47
188 34
172 169
193 112
125 94
191 39
157 46
22 1
143 111
96 36
107 45
99 41
184 36
197 118
189 114
76 57
117 95
136 108
101 1
147 117
139 113
129 105
181 115
187 46
132 110
173 111
10 4
156 58
103 52
155 99
166 108
138 46
89 4
55 11
173 3
170 114
131 6
76 70
82 1
109 104
175 49
180 164
125 48
91 55
110 68
102 64
85 11
197 72
103 65
194 183
106 70
199 118
70 4
163 52
77 12
195 4
132 64
186 184
192 115
112 6
104 2
115 11
101 76
54 1
31 17
110 81
102 77
66 11
32 18
84 65
16 10
170 68
87 70
188 122
100 9
97 83
17 11
9 7
77 25
50 8
61 17
176 4
113 64
187 13
132 77
179 9
79 71
98 84
71 67
101 89
122 32
54 14
174 79
180 10
185 88
72 31
130 9
135 87
127 83
88 12
198 143
118 34
46 15
136 88
180 131
100 22
92 18
97 96
157 147
50 21
110 35
176 17
102 31
179 22
189 35
122 45
87 24
72 44
199 85
124 91
163 19
96 29
108 83
182 32
88 25
187 147
192 82
184 78
109 84
141 36
125 28
185 42
83 31
75 27
162 95
165 100
112 94
197 52
147 51
180 85
193 167
139 47
64 53
105 91
191 94
108 96
129 39
148 52
113 31
186 164
192 95
98 51
197 173
189 169
161 107
153 103
100 97
166 42
111 106
91 48
177 51
163 153
94 53
135 54
104 103
178 52
76 4
117 42
109 38
147 64
174 167
191 107
78 50
177 172
97 63
89 59
130 97
196 42
167 164
173 58
30 9
82 56
197 6
194 117
106 4
152 120
72 11
64 7
22 10
127 63
148 6
93 70
66 53
200 53
145 117
184 45
197 127
109 51
68 13
169 65
101 10
172 70
193 13
130 110
185 9
94 7
41 1
173 71
11 9
52 10
151 132
104 57
197 19
183 121
175 117
95 8
87 4
53 11
180 52
64 20
171 3
196 176
108 63
168 77
148 19
121 2
181 16
126 80
132 11
98 18
82 10
169 78
180 173
100 64
199 186
174 13
125 8
166 9
92 60
119 77
191 182
158 5
177 18
163 120
75 7
94 20
127 17
187 68
33 10
200 187
192 183
104 70
156 80
136 22
109 5
180 65
166 130
185 143
78 17
138 68
130 64
89 26
195 193
107 80
113 11
99 76
173 25
131 28
63 10
123 24
40 26
100 77
174 26
176 72
187 81
173 146
84 74
197 94
103 87
95 83
106 92
86 34
59 17
177 152
70 26
130 77
89 39
96 84
99 89
104 24
188 23
133 87
152 100
180 19
157 35
167 85
184 25
103 100
134 24
153 37
158 152
190 104
77 47
157 156
80 52
195 39
113 86
188 36
172 171
180 32
193 114
125 96
135 109
88 34
187 156
65 50
189 116
76 59
136 110
101 3
68 55
129 107
61 52
181 117
187 48
173 113
93 4
10 6
194 172
166 110
97 10
89 6
108 105
55 13
159 107
200 108
76 72
123 4
109 106
161 116
141 58
73 3
133 54
152 67
91 57
110 70
102 66
181 130
173 126
146 109
85 13
183 176
170 57
35 12
103 67
95 63
175 172
191 116
171 58
77 14
28 9
69 10
160 128
80 19
195 6
187 2
132 66
192 117
197 195
104 4
123 17
150 120
101 78
142 116
122 21
73 16
20 10
166 64
199 12
31 19
191 8
91 70
177 73
102 79
168 24
160 20
99 10
32 20
76 26
109 60
68 22
92 7
152 21
77 27
50 10
195 19
132 79
179 11
98 86
71 69
101 91
183 130
106 26
72 33
130 11
135 89
88 14
179 132
99 23
198 145
118 36
200 75
192 71
49 22
128 86
169 87
175 18
180 133
125 17
144 30
196 77
162 84
131 96
197 41
95 30
155 81
87 26
199 87
191 83
171 25
88 27
121 24
200 88
192 84
184 80
98 40
197 162
189 158
141 38
111 95
144 43
185 44
182 155
195 94
33 32
87 39
147 53
180 87
199 100
157 103
163 34
129 41
160 108
98 53
122 1
194 106
100 99
111 108
158 40
181 172
187 103
173 168
85 55
200 42
170 50
156 115
76 6
68 2
166 165
78 52
152 1
97 65
130 99
190 113
167 166
173 60
30 11
131 63
194 119
114 10
141 113
158 53
72 13
64 9
196 165
135 69
22 12
127 65
168 66
66 55
184 47
98 7
156 128
90 3
49 2
15 9
67 56
172 72
59 52
174 2
70 61
177 7
196 57
94 9
80 74
200 176
192 172
131 76
104 59
197 21
164 73
175 119
136 11
87 6
73 71
180 54
199 67
86 10
185 132
37 5
56 18
196 178
108 65
168 79
74 72
160 75
195 182
121 4
107 69
181 18
167 120
132 13
173 14
159 116
198 187
79 7
184 60
197 142
90 16
101 25
161 76
48 19
180 175
100 66
199 188
166 11
185 24
177 20
116 10
195 74
52 25
192 185
93 26
170 17
137 69
103 76
136 24
109 7
114 85
106 81
180 67
166 132
193 149
185 145
78 19
70 15
89 28
196 11
47 31
107 82
99 78
173 27
146 10
63 12
40 28
100 79
141 80
166 24
124 27
102 88
181 152
187 83
74 26
173 148
93 39
200 22
186 87
84 76
197 96
103 89
109 20
106 94
59 19
130 79
196 24
55 48
96 86
99 91
200 143
132 88
112 30
98 95
101 100
153 147
180 21
110 105
138 24
167 87
118 45
197 109
189 105
188 146
147 108
194 40
153 39
191 151
182 102
168 167
129 96
176 28
195 41
140 105
181 106
113 88
187 37
132 101
104 39
156 49
188 38
114 52
193 116
166 99
185 112
191 43
135 111
55 2
195 162
187 158
178 109
65 52
57 48
76 61
117 99
68 57
183 44
109 95
147 121
139 117
191 164
181 119
173 115
51 9
197 63
35 1
194 174
155 103
87 48
86 3
105 102
116 111
55 15
187 171
179 167
173 7
192 106
117 112
76 74
109 108
183 57
150 109
175 53
73 5
31 8
160 9
85 15
32 9
186 67
51 22
197 76
84 56
95 65
106 74
188 113
180 109
193 191
28 11
69 12
121 59
195 8
187 4
192 119
112 10
104 6
90 71
101 80
62 9
122 23
54 5
180 1
185 79
177 75
157 17
102 81
176 116
88 3
187 125
13 9
167 67
57 15
156 137
76 28
68 24
175 7
147 88
194 20
100 13
92 9
78 74
111 22
110 26
196 66
42 8
168 147
80 34
195 21
61 21
187 17
179 13
98 88
90 84
131 85
84 10
101 93
103 23
197 30
174 83
53 22
138 17
64 31
130 13
196 187
135 91
96 20
108 74
127 87
88 16
148 30
200 77
169 89
175 20
125 19
144 32
50 25
91 26
190 148
42 21
83 22
102 35
94 31
170 26
95 32
34 22
180 76
139 38
72 48
171 27
160 97
197 164
189 160
101 47
161 98
100 88
125 32
111 97
176 83
195 96
146 91
187 92
52 47
112 98
189 52
109 29
188 93
180 89
199 102
191 98
163 36
130 88
129 43
160 110
107 104
113 35
173 49
98 55
189 173
183 99
122 3
153 107
111 110
185 59
72 2
105 36
108 41
195 109
127 54
198 114
200 44
145 108
156 117
117 46
109 42
68 4
128 55
185 180
130 101
149 114
110 6
196 46
181 66
173 62
200 165
192 161
131 65
197 10
183 112
115 57
103 3
175 108
106 8
72 15
199 56
64 11
191 52
196 167
22 14
14 10
168 68
160 64
93 74
66 57
85 70
200 57
132 2
98 9
49 4
90 5
15 11
169 69
172 74
174 4
70 63
111 64
185 13
171 115
91 6
177 9
77 71
190 128
94 11
187 59
200 178
52 14
167 1
112 65
104 61
178 10
188 60
174 125
180 56
199 69
86 12
37 7
168 81
121 6
187 180
181 20
99 67
173 16
165 12
98 22
189 140
40 17
180 177
199 190
174 17
166 13
111 77
185 26
191 186
177 22
75 11
176 63
25 10
85 24
164 88
109 9
169 23
155 125
174 138
180 69
106 83
67 12
86 25
172 28
130 68
89 30
96 75
88 71
162 20
107 84
99 80
200 132
165 25
115 24
40 30
133 78
110 94
74 28
200 24
186 89
84 78
197 98
103 91
189 94
43 40
114 100
161 32
67 25
166 147
199 144
190 95
168 156
88 84
112 32
98 97
104 28
175 88
161 153
153 149
133 91
174 92
180 23
193 105
130 22
160 44
107 38
186 102
76 50
136 101
183 33
153 41
195 43
187 39
132 103
73 53
193 118
72 57
177 110
135 113
96 42
127 109
187 160
126 64
109 97
141 49
110 61
196 101
85 4
112 107
186 56
51 11
183 167
194 176
106 63
105 104
171 49
77 5
187 173
80 10
99 60
197 186
150 111
115 4
101 69
161 120
81 11
141 62
73 7
31 10
91 61
190 183
83 57
102 70
168 15
154 117
160 11
32 11
186 69
178 65
183 180
136 68
147 77
188 115
180 111
100 2
191 120
111 11
171 62
163 58
50 1
61 10
195 10
181 75
187 6
132 70
179 2
98 77
30 22
101 82
62 11
103 12
122 25
54 7
194 130
180 3
12 10
72 24
91 74
83 70
130 2
96 9
127 76
88 5
107 18
13 11
200 66
46 8
170 74
49 13
68 26
188 128
194 22
180 124
92 11
97 89
50 14
110 28
113 70
187 19
181 88
173 84
186 23
131 87
84 12
175 130
122 38
95 21
72 37
130 15
135 93
108 76
96 22
127 89
88 18
200 79
46 21
132 24
197 153
169 91
175 22
125 21
185 35
110 41
182 146
41 27
146 80
104 83
84 25
170 28
115 92
197 45
95 34
180 78
193 160
191 87
160 99
121 28
148 45
181 42
113 24
192 88
197 166
161 100
166 35
111 99
195 98
146 93
187 94
52 49
93 50
104 96
109 31
114 109
188 95
139 53
180 91
166 156
89 52
196 35
160 112
80 3
107 106
113 37
154 38
173 51
159 153
183 101
177 57
22 3
173 172
198 116
85 59
184 38
197 120
76 10
109 44
68 6
26 9
78 56
152 5
185 2
182 113
140 116
146 47
200 167
11 2
52 3
151 125
186 3
104 50
197 12
183 114
115 59
95 1
141 117
125 109
199 58
56 9
196 169
22 16
74 63
148 12
181 9
126 73
132 4
200 59
90 7
82 3
169 71
101 16
48 10
147 132
180 166
174 6
119 70
125 1
166 2
111 66
177 11
83 4
94 13
113 112
33 3
200 180
192 176
179 57
44 12
184 172
178 12
145 64
164 77
180 58
193 140
199 71
78 10
177 132
89 19
196 2
96 64
47 22
187 182
162 9
107 73
181 22
99 69
126 86
159 120
198 191
79 11
131 21
63 3
48 23
188 183
180 179
100 70
199 192
191 188
177 24
110 83
176 65
41 20
127 23
187 74
179 70
93 30
85 26
84 67
117 15
103 80
109 11
95 76
59 10
78 23
130 70
171 71
36 26
28 22
47 35
107 86
148 87
192 130
104 17
115 26
175 77
180 12
193 94
105 18
110 96
157 28
108 23
160 33
66 26
165 148
137 86
178 87
84 80
197 100
103 93
189 96
170 83
95 89
142 21
106 98
147 99
153 30
100 24
171 84
190 97
140 96
187 28
132 92
179 24
112 34
184 139
104 30
153 151
188 29
172 164
180 25
125 89
166 90
177 99
130 24
187 149
107 40
126 53
189 109
76 52
68 48
128 99
180 146
77 53
80 58
113 92
187 41
132 105
165 102
164 57
156 53
122 60
95 43
166 103
97 3
64 55
105 93
96 44
108 98
187 162
181 2
200 101
57 52
49 48
109 99
141 51
172 118
125 43
110 63
196 103
94 55
168 4
93 10
165 115
85 6
112 109
197 67
183 169
35 5
194 178
87 52
106 65
119 4
191 109
171 51
176 166
77 7
69 3
168 125
129 54
80 12
132 59
98 66
197 188
90 62
189 184
115 6
101 71
134 105
73 9
31 12
190 185
110 76
83 59
177 66
75 55
195 120
66 6
186 71
24 9
178 67
197 80
170 63
76 19
150 5
68 15
9 2
89 74
69 16
168 138
61 12
113 59
181 77
173 73
179 4
184 119
164 24
82 71
54 9
180 5
31 25
72 26
64 22
130 4
127 78
88 7
179 125
118 29
145 132
151 26
137 128
170 76
49 15
136 83
68 28
169 80
175 11
194 24
152 27
97 91
125 10
50 16
190 139
196 70
61 25
176 12
162 77
94 22
179 17
178 21
175 132
95 23
87 19
72 39
199 80
171 18
190 31
127 91
168 92
148 34
121 17
132 26
38 19
192 77
184 73
49 28
189 151
169 93
175 24
161 89
141 31
174 28
119 92
144 36
190 152
83 26
75 22
112 89
197 47
180 80
199 93
185 158
191 89
108 91
129 34
160 101
